student
female
department
main
the
central
male
canteen
sports
football 
dormitory
femaledormitory  
dormitory
m1
m2
00
001
002
003
004
005
006
007
008
009
010
011
012
013
014
015
016
017
018
019
020
021
022
023
024
025
026
027
027a
027b
027b2
027b3
027d
027e
101
102
103
104
104
106
107
108
109
110
111
112
113
114
115
116
117
118
119
120
121
122
123
124
125
126
127
128
128
128
128
128
128
128
201
202
203
204
205
206
207
208
209
210
211
212
213
214
215
216
217
218
219
220
221
222
223
224
225
226
226
226
226
226
226
226